4294967279,12
4294967278,7
4294967278,6
4294967278,263
4294967279,283
4294967278,262
4294967279,263
4294967278,239
4294967278,233
4294967278,229
4294967278,227
4294967278,217
4294967278,211
4294967278,207
4294967278,206
4294967278,205
4294967278,204
4294967278,200
4294967278,197
4294967278,194
4294967278,189
4294967278,188
4294967278,187
4294967278,186
4294967278,185
4294967278,181
4294967278,180
4294967278,179
4294967278,177
4294967278,176
4294967278,175
4294967278,173
4294967278,172
4294967278,165
4294967278,164
4294967278,163
4294967278,162
4294967278,161
4294967278,160
4294967294,12
4294967294,126
4294967294,127
4294967294,18
4294967294,68
4294967294,11
4294967279,463
4294967278,5
4294967279,132
4294967279,126
4294967279,123
4294967278,333
4294967278,135
4294967279,270
4294967279,292
4294967278,256
4294967279,391
4294967278,325
4294967279,390
4294967278,352
4294967278,253
4294967279,427
4294967278,368
4294967279,256
4294967278,252
4294967278,247
4294967278,245
4294967278,243
4294967278,238
4294967279,239
4294967278,237
4294967294,472
4294967278,220
4294967278,218
4294967279,462
4294967278,215
4294967278,216
4294967278,214
4294967279,461
4294967278,212
4294967278,351
4294967278,210
4294967278,366
109,5
4294967278,209
109,4
109,3
109,2
109,1
4294967278,208
4294967294,81
4294967294,50
4294967294,384
4294967294,111
4294967294,413
4294967294,169
4294967278,365
4294967278,203
4294967294,38
4294967294,37
4294967279,315
4294967278,202
4294967278,201
4294967278,199
4294967279,460
4294967278,198
4294967294,40
4294967294,107
4294967294,388
4294967279,198
4294967294,89
4294967278,196
4294967279,197
4294967278,195
4294967294,479
4294967279,424
4294967294,5
4294967278,309
4294967278,132
4294967278,131
4294967278,130
4294967278,129
4294967278,128
4294967278,127
4294967278,126
4294967278,125
4294967278,124
4294967278,123
4294967278,122
4294967278,121
4294967278,120
4294967278,119
4294967278,118
4294967278,117
4294967278,116
4294967278,115
4294967278,114
4294967278,113
4294967278,234
4294967278,112
4294967278,111
4294967278,110
4294967278,109
4294967278,108
4294967278,107
4294967278,106
4294967278,105
4294967278,104
4294967278,103
4294967278,102
4294967278,101
4294967278,100
4294967278,99
4294967278,98
4294967278,97
4294967278,96
4294967278,95
4294967278,94
4294967278,93
4294967278,92
4294967278,91
4294967278,90
4294967278,89
4294967278,87
4294967278,86
4294967278,85
4294967278,84
4294967278,83
4294967278,82
4294967278,81
4294967278,80
4294967278,77
4294967278,75
4294967278,74
4294967278,73
4294967278,72
4294967278,68
4294967278,67
4294967278,62
4294967278,60
4294967278,58
4294967278,57
4294967278,56
4294967278,55
4294967278,54
4294967278,359
4294967278,53
4294967278,52
4294967278,51
4294967278,50
4294967278,49
4294967278,48
4294967278,46
4294967278,45
4294967278,43
4294967278,42
4294967278,41
4294967278,40
4294967278,37
4294967278,0
4294967279,174
4294967279,22
4294967279,21
4294967279,20
4294967279,18
4294967279,17
4294967279,13
4294967279,11
4294967279,10
4294967279,9
4294967279,8
4294967279,7
4294967279,4
4294967294,29
4294967294,990
4294967294,45
4294967294,44
4294967278,71
4294967278,79
4294967278,78
4294967278,344
4294967279,192
4294967278,190
4294967294,36
4294967279,405
4294967278,76
4294967278,307
4294967279,312
4294967279,188
106,5
106,4
106,3
106,2
106,1
0,7
4294967294,1034
4294967294,970
4294967294,22
4294967294,99
4294967294,41
4294967278,69
4294967294,43
4294967294,52
4294967294,92
4294967294,90
4294967294,88
4294967294,86
4294967294,85
4294967278,70
4294967278,303
4294967294,1023
4294967278,66
4294967294,53
4294967294,418
4294967294,94
4294967294,96
4294967294,161
4294967294,971
4294967294,1027
4294967278,65
4294967278,64
4294967278,63
4294967278,61
4294967279,175
4294967278,59
4294967278,299
104,5
104,4
104,3
104,2
104,1
4294967279,399
4294967279,166
4294967279,165
4294967294,480
102,5
102,4
102,3
102,2
102,1
4294967278,158
4294967279,423
101,5
4294967279,155
101,4
101,3
101,2
101,1
4294967278,393
4294967278,39
4294967278,36
100,5
100,4
100,3
100,2
100,1
4294967279,143
4294967279,459
4294967278,392
4294967278,332
4294967279,395
4294967278,391
4294967278,271
99,9
99,8
99,7
99,6
99,5
99,4
99,3
99,2
99,1
4294967294,109
4294967294,410
4294967279,291
98,5
98,4
98,3
98,2
98,1
4294967278,327
4294967279,458
4294967279,6
4294967278,288
4294967279,5
4294967278,255
4294967279,417
4294967278,324
97,4
97,3
97,2
97,1
4294967279,386
4294967278,318
4294967278,390
4294967278,317
4294967279,384
4294967278,389
4294967294,1429
4294967278,230
4294967279,230
4294967279,225
4294967279,218
94,4
94,3
94,2
94,1
4294967278,388
4294967279,457
4294967279,456
4294967278,350
4294967279,455
4294967279,410
4294967278,349
4294967294,1426
4294967279,208
4294967279,316
93,5
93,4
93,3
93,2
93,1
4294967278,310
4294967279,203
4294967294,969
4294967278,260
91,5
91,4
91,3
91,2
91,1
4294967294,478
4294967294,467
4294967294,110
4294967294,458
4294967294,454
4294967294,1
4294967294,401
4294967279,421
4294967279,419
89,5
89,4
4294967279,181
89,3
89,2
89,1
4294967279,180
4294967278,178
4294967279,170
88,4
88,3
88,2
88,1
4294967279,304
4294967279,303
4294967279,398
4294967278,47
4294967294,477
4294967278,336
4294967279,160
4294967279,301
4294967278,329
4294967278,38
4294967278,358
4294967279,300
4294967278,357
4294967278,341
4294967278,340
4294967278,339
4294967278,338
4294967278,337
4294967278,44
4294967278,334
4294967278,320
4294967278,331
4294967279,413
4294967279,412
4294967279,408
4294967279,407
4294967279,406
4294967279,402
4294967279,401
4294967279,414
4294967279,422
4294967279,396
4294967279,0
4294967294,17
4294967294,42
4294967294,67
4294967294,76
4294967294,39
4294967279,298
4294967278,356
4294967294,0
4294967294,93
4294967294,95
4294967294,91
4294967294,87
4294967294,84
4294967294,83
4294967294,419
